Name = Josh
Date = 06/01/1989

Time = 20:08:00
Lat = 39.95
Long = -86.016667

TDate = now
TTime = now
TLat = 39.95
TLong = -86.016667

